69.54034

63.36384

52.91679

51.10987

61.39359

71.20224

73.73372

77.50606

79.24766

69.71528

59.79155

66.27851

61.04950

53.92428

44.11146

39.23990

46.18697

54.00793

52.81459

55.76031

62.50424

57.21114

53.56414

49.01331

39.11911

34.86121

38.45436

47.16448

54.15483

63.18394

70.31873

76.26067

70.89545

55.84438

45.77993

50.31355

51.10164

55.58063

55.21614

47.42149

47.40789

52.16299

54.15335

59.67841

63.37310

60.13066

56.16776

63.24625

65.03333

59.56044

49.18447

54.56396

62.65898

63.97168

63.26291

63.90839

60.88528

50.93850

59.51219

67.32876

65.32042

61.63478

65.88493

70.56383

68.64270

69.69722

66.63597

63.22108

58.23338

64.26992

67.89732

66.69031

60.51935

43.47707

35.40452

39.15912

46.36721

48.34441

50.57265

54.45970

55.10243

54.70230

58.98988

59.60457

57.28765

60.28117

62.72443

60.71321

64.21186

69.71444

65.57772

52.57891

51.12141

59.33429

68.32255

68.89495

59.80447

67.36643

80.00706

78.76716

74.48178

68.60856

62.72801

62.00950

62.67173

61.04988

56.07978

54.62770

55.08810

55.65640

51.94454

46.38071

52.55501

54.92250

61.27500

62.69870

59.98820

59.97375

56.90383

57.99579

56.41303

53.03401

56.01536

53.15706

49.14705

52.51635

47.91797

45.55728

44.27438

38.95516

38.90187

45.98830

50.38182

52.40668

49.51496

49.36440

54.50284

59.73136

53.47318

49.96941

52.97388

62.05984

65.11059

62.97047

63.46222

64.73614

63.33299

62.55883

61.87971

61.71840

63.92379

53.85566

53.26802

61.75447

62.42997

67.77576

63.76354

66.98469

65.69133

65.25987

68.37942

70.60679

71.17646

70.42099

61.54363

65.07299

65.17234

65.90333

72.77701

70.24569

69.27852

66.08857

61.21296

63.99060

57.23424

55.91133