
0.200

0.174

0.153

0.192

0.219

0.186

0.186

0.168

0.198

0.166

0.176

0.172

0.156

0.204

0.207

0.164

0.178

0.146

0.154

0.146

0.119

0.101

0.136

0.080

0.100

0.103

0.099

0.073

0.095

0.093

0.110

0.091

0.080

0.100

0.058

0.065

0.088

0.082

0.062

0.060

0.063

0.082

0.048

0.040

0.061

0.066

0.055

0.051

0.056

0.057

0.057

0.053

0.050

0.049

0.036

0.040

0.035

0.029

0.037

0.036

0.033

0.034

0.026

0.021

0.022

0.018

0.013

0.013

0.011

0.014

0.011

0.012

0.010

0.011

0.011

0.010

0.010

0.010

0.009